716 709 777 712 711 714 778 771 773 772 774 776:903:-3 2 127 -1 8 -3 127 128 128 128 128 127:1
758 762:6:-10 6:1
712 741 715 708 716 775 742 745 743 777 776 711 747 773 778:1168:-1 112 -3 8 -3 127 99 111 98 127 127 8 98 128 127:1
729 732 760 726 733 753 725 722 756 754 749 762 758 755 765 730 766 763 764 738 770 768:75:2 5 6 2 5 -24 2 2 -10 -10 -24 6 -10 -10 6 2 6 6 6 2 6 6:1
760:6:6:1
714 777 771 775 773 716 772 778:764:-3 127 128 127 128 -3 128 127:1
709 777 773 715 775 707 776 711 778 712:654:2 127 128 -3 127 8 127 8 127 -1:1
753 756 768 766 732 764:24:-24 -10 6 6 5 6:1
778 773 775 710:384:127 128 127 2:1
707 715 716 725 711 768 708 754 712 722 726 764 756 729 730 770 714 738 732 760 733 761 758 766 753 763 762 765 755:105:8 -3 -3 2 8 6 8 -10 -1 2 2 6 -10 2 2 6 -3 2 5 6 5 6 -10 6 -24 6 6 6 -10:1
747:98:98:1
710 776 709 773:259:2 127 2 128:1
708 714 753 711 732 716 764 756 755 763 768:40:8 -3 -24 8 5 -3 6 -10 -10 6 6:1
776 709 774:257:127 2 128:1
708 761 715 707 754 762 711 712 729 770 738:48:8 6 -3 8 -10 6 8 -1 2 6 2:1
758:0:-10:1
712 715 708 738 758 711 761 754 762:31:-1 -3 8 2 -10 8 6 -10 6:1
710 775 709 776 778:385:2 127 2 127 127:1
708 707 763 760 753 712 765 715 729 770 754 758:44:8 8 6 6 -24 -1 6 -3 2 6 -10 -10:1
715 755 708 716 707 732 712 770 760 754 711 738 725 762 761 765 729 756 758:68:-3 -10 8 -3 8 5 -1 6 6 -10 8 2 2 6 6 6 2 -10 -10:1
715 770 760:13:-3 6 6:1
715 753 738 711 725 707 765 729 760 708 756 712 758 761 763:57:-3 -24 2 8 2 8 6 2 6 8 -10 -1 -10 6 6:1
758 716 729 762 753 707 738 715 732 764 708 768 760 770 711 712 714 725 730 756 761:77:-10 -3 2 6 -24 8 2 -3 5 6 8 6 6 6 8 -1 -3 2 2 -10 6:1
762 715 758 760 770:19:6 -3 -10 6 6:1
774 708 778 707 772 711 777 709 715 712 773 775 776:918:128 8 127 8 128 8 127 2 -3 -1 128 127 127:1
758 754 763 770 762 760:25:-10 -10 6 6 6 6:1
754 725 763 765:15:-10 2 6 6:1
770 758 762:13:6 -10 6:1
768 765:13:6 6:1
758 729 760 753 762 738 765 725 770 754 763:39:-10 2 6 -24 6 2 6 2 6 -10 6:1
765 722 732 726 768 749 725 753 754 730 729 758 760 755 738 762 766 764 761 770 763:76:6 2 5 2 6 -24 2 -24 -10 2 2 -10 6 -10 2 6 6 6 6 6 6:1
770 712 715 760:13:6 -1 -3 6:1
758:0:-10:1
708 726 763 707 732 715 729 711 753 762 754 712 758 716 764 725 755 768 770 714 722 756 730 761 738 760 765 766:101:8 2 6 8 5 -3 2 8 -24 6 -10 -1 -10 -3 6 2 -10 6 6 -3 2 -10 2 6 2 6 6 6:1
707 773 716 777 771 708 772 709 774 778:784:8 128 -3 127 128 8 128 2 128 127:1
776 771 773 716 708 772 707 715 711 774 712:663:127 128 128 -3 8 128 8 -3 8 128 -1:1
775 742 747 777 709 748 778 774:806:127 99 98 127 2 99 127 128:1
762:6:6:1
749:1407:1407:1
773:1488:1488:1
773:1488:1488:1
767:286:286:1
773:1488:1488:1
750:1407:1407:1
749:1407:1407:1
778:1477:1477:1
771:1488:1488:1
751:1407:1407:1
751:1407:1407:1
764:286:286:1
752:1407:1407:1
753:1407:1407:1
753:1407:1407:1
750:1407:1407:1
749:1407:1407:1
750:1407:1407:1
753:1407:1407:1
750:1407:1407:1
767:286:286:1
750:1407:1407:1
751:1407:1407:1
750:1407:1407:1
749:1407:1407:1
751:1407:1407:1
765:286:286:1
750:1407:1407:1
750:1407:1407:1
765:286:286:1
750:1407:1407:1
752:1407:1407:1
773:1488:1488:1
773:1488:1488:1
753:1407:1407:1
777:1477:1477:1
751:1407:1407:1
751:1407:1407:1
749:1407:1407:1
773:1488:1488:1
750:1407:1407:1
751:1407:1407:1
749:1407:1407:1
751:1407:1407:1
749:1407:1407:1
753:1407:1407:1
774:1488:1488:1
752:1407:1407:1
750:1407:1407:1
751:1407:1407:1
753:1407:1407:1
752:1407:1407:1
753:1407:1407:1
750:1407:1407:1
752:1407:1407:1
750:1407:1407:1
749:1407:1407:1
751:1407:1407:1
750:1407:1407:1
765:286:286:1
777:1477:1477:1
749:1407:1407:1
749:1407:1407:1
753:1407:1407:1
749:1407:1407:1
753:1407:1407:1
752:1407:1407:1
749:3529:3529:1
773:1488:1488:1
752:1407:1407:1
777:1477:1477:1
751:1407:1407:1
751:1407:1407:1
751:1407:1407:1
764:286:286:1
751:1407:1407:1
753:3529:3529:1
752:1407:1407:1
774:1488:1488:1
753:3529:3529:1
750:3529:3529:1
772:1488:1488:1
762:286:286:1
750:3529:3529:1
751:3529:3529:1
751:3529:3529:1
751:3529:3529:1
749:3529:3529:1
750:3529:3529:1
750:3529:3529:1
771:3351:3351:1
778:3326:3326:1
778:3326:3326:1
771:3351:3351:1
753:3529:3529:1
751:3529:3529:1
771:3351:3351:1
774:3351:3351:1
751:3529:3529:1
770:650:650:1
751:3529:3529:1
749:3529:3529:1
751:3529:3529:1
750:3529:3529:1
750:3529:3529:1
751:3529:3529:1
753:3529:3529:1
749:3529:3529:1
763:650:650:1
751:3529:3529:1
751:3529:3529:1
752:3529:3529:1
749:3529:3529:1
772:3351:3351:1
773:3351:3351:1
751:3529:3529:1
777:3326:3326:1
777:3326:3326:1
750:3529:3529:1
753:3529:3529:1
749:3529:3529:1
751:3529:3529:1
773:3351:3351:1
751:3529:3529:1
749:3529:3529:1
752:3529:3529:1
770:650:650:1
768:650:650:1
752:3529:3529:1
775:3326:3326:1
768:650:650:1
749:3529:3529:1
749:3529:3529:1
750:3529:3529:1
776:3326:3326:1
749:3529:3529:1
749:3529:3529:1
775:3326:3326:1
775:3326:3326:1
761:650:650:1
777:3326:3326:1
752:3529:3529:1
750:3529:3529:1
762:650:650:1
753:3529:3529:1
751:3529:3529:1
741 745 742 748 776 778 709 771 777 774:10864:112 111 99 630 1976 1976 2 1991 1976 1991:1
778 776 777 775:7904:1976 1976 1976 1976:1
712 715 753 725 761 765 770 729 763 754:4410:-1 -3 2098 2 370 370 370 2 370 826:1
712 729 725 738:7:-1 2 2 2:1
715 712 758:826:-3 -1 826:1
771 775 778 773 776:9910:1991 1976 1976 1991 1976:1
707 711 715 777 714 708 771 773 772 774 776:11940:8 8 -3 1976 -3 8 1991 1991 1991 1991 1976:1
753 732 738 725 762 729 765 761 755 756 758:5699:2098 5 2 2 370 2 370 370 826 826 826:1
707 738 708 760 712 754 753 770 725 765 711 761:4435:8 2 8 370 -1 826 2098 370 2 370 8 370:1
776:1976:1976:1
775 776 773 777 778 771:11886:1976 1976 1991 1976 1976 1991:1
758:826:826:1
738 761 762 760 770 755 726 725 753 765 768 766 732:5529:2 370 370 370 370 826 2 2 2098 370 370 370 5:1
709 777:1978:2 1976:1
711 707 762 738 708 758 725 754 715 712 760 763 716 765:3163:8 8 370 2 8 826 2 826 -3 -1 370 370 -3 370:1
761 753 722 754 766 726 729 770 763 756 738 762 765:5982:370 2098 2 826 370 2 2 370 370 826 2 370 370:1
715 758 760 762:1567:-3 826 370 370:1
732 761 729 763 753 756 738 765 770 758 768 762:5982:5 370 2 370 2098 826 2 370 370 826 370 370:1
760 708 729 715 707 725 753 711 766 732 758 765 712 754 755 733 714 756 764 768 716 770 722 730 738 761 763:8411:370 8 2 -3 8 2 2098 8 370 5 826 370 -1 826 826 5 -3 826 370 370 -3 370 2 2 2 370 370:1
747 773 777 745 741 709 748 771 774:9427:622 1991 1976 111 112 2 630 1991 1991:1
758 760 762 712:1567:826 370 370 -1:1
741 772 773 745 747 748 776 778 771:11400:112 1991 1991 111 622 630 1976 1976 1991:1
753 758 765 715 725 712 763 760 729 762 754 738 761 770:5980:2098 826 370 -3 2 -1 370 370 2 370 826 2 370 370:1
771 709 777:3969:1991 2 1976:1
741 716 742 708 777 707 715 773 776 709 712 711 714 778 743 748 771 774:12866:112 -3 99 8 1976 8 -3 1991 1976 2 -1 8 -3 1976 98 630 1991 1991:1
749:2098:2098:1
743 745 742 775 747 778 777 771 772 774:12831:98 111 99 1976 622 1976 1976 1991 1991 1991:1
762 715 770 758 760:1937:370 -3 370 826 370:1
707 715 758 729 760 762 761 753 708 770 711 754 712 725:5261:8 -3 826 2 370 370 370 2098 8 370 8 826 -1 2:1
707 725 732 738 712 754 716 765 708 760 758 711 753 756 755 763:6547:8 2 5 2 -1 826 -3 370 8 370 826 8 2098 826 826 370:1
707 711 729 768 749 715 722 726 714 725 754 732 758 716 738 762 761 733 764 730 765 756 753 760 763 766 770 755:10874:8 8 2 370 2098 -3 2 2 -3 2 826 5 826 -3 2 370 370 5 370 2 370 826 2098 370 370 370 370 826:1
763:370:370:1
716 778 742 773 707 745 708 748 741 777 775 771 712 772 709 774 776 715 714 743 747:17344:-3 1976 99 1884 8 111 8 630 112 1976 1869 1991 -1 1991 2 1991 1976 -3 -3 98 622:1
758 729 763 725 761 770 762 754:3138:826 2 370 2 370 370 370 826:1
708 778 709 707 771 716 715 774 711 775:7961:8 1976 2 8 1991 -3 -3 1991 8 1976:1
771 772:3982:1991 1991:1
708 712 726 716 753 715 755 707 711 768 758 760 754 765 762 714 725 766 764 722 729 730 770 738 756 763:8404:8 -1 2 -3 2098 -3 826 8 8 370 826 370 826 370 370 -3 2 370 370 2 2 2 370 2 826 370:1
725 768 738 753 762 764 760 732 756 770 766 755 758:6808:2 370 2 2098 370 370 370 5 826 370 370 826 826:1
777 714 773 709 778 774 772 776:11903:1976 -3 1991 2 1976 1991 1991 1976:1
778:1976:1976:1
712 768 754 760 726 749 753 722 725 763 732 770 761 765 758 738 762:8455:-1 370 826 370 2 2098 2098 2 2 370 5 370 370 370 826 2 370:1
745 716 772 707 743 741 708 715 747 777 776 712 748 742 709 714 771 773 711 775 774 778:17459:111 -3 1884 8 98 112 8 -3 622 1976 1976 -1 630 99 2 -3 1991 1991 8 1976 1991 1976:1
709 710:5:2 2:1
715 716 708 754 760 726 711 753 766 722 712 755 733 762 714 730 756 768 763 770 758:7652:-3 -3 8 826 370 2 8 2098 370 2 -1 826 5 370 -3 2 826 370 370 370 826:1
765:370:370:1
755 760 756 726 753 765 763 725 754 768 730 738 764 770:6808:826 370 826 2 2098 370 370 2 826 370 2 2 370 370:1
716 778:1976:-3 1976:1
775 748 709 747 773 772 742 745 776 774 777 771 778:17332:1976 630 2 622 1991 1991 99 111 1976 1991 1976 1991 1976:1
777 710 778 773 771 775 772 709 776:13882:1976 2 1976 1991 1991 1976 1991 2 1976:1
761 715 760 753 711 729 712 754 762 770 763 758 765:5983:370 -3 370 2098 8 2 -1 826 370 370 370 826 370:1
770:370:370:1
709 771 775 776 710 778 777:9900:2 1991 1976 1976 2 1976 1976:1
711 745 716 743 775 708 707 748 747 771 712 772 714 778 776:11396:8 111 -3 98 1976 8 8 630 622 1991 -1 1991 -3 1976 1976:1
760 770 762 758 715:1937:370 370 370 826 -3:1
771 709 715 778 712 775 707 708 774 777 716 711 772 776:13904:1991 2 -3 1976 -1 1976 8 8 1991 1976 -3 8 1991 1976:1
763 732 716 711 729 708 726 707 768 758 722 715 754 753 749 712 764 755 738 725 762 714 765 756 761 760 770 766:10852:370 5 -3 8 2 8 2 8 370 826 2 -4 826 2098 2098 -1 370 826 2 2 370 -3 370 826 370 370 348 370:1
761 760 753 763 716 738 754 765 732 770 755 758 762:6805:370 370 2098 370 -3 2 826 370 5 370 826 826 370:1
771 777 709 775 772 773 710 778 776:13882:1991 1976 2 1976 1991 1991 2 1976 1976:1
708 776 773 715 709 707 775 772 711 771:9952:8 1976 1991 -3 2 8 1976 1991 8 1991:1
743 709 716 715 745 708 777 741 747 711 748 742 771 712 778 775 774 773 714 776:15567:98 2 -3 -3 111 8 1976 112 622 8 630 99 1991 -1 1976 1976 1991 1991 -3 1976:1
707:8:8:1
732 725 758 760 755 762 729 738 753 756 761 763:6069:5 2 826 370 826 370 2 2 2098 826 370 370:1
729 725 761 762 738 755 763 758 753 765 770:5609:2 2 370 370 2 826 370 826 2098 370 370:1
715 709 711 708 777 772 712 774 773 716 714 778 775 776:13894:-3 1 8 8 1976 1991 -1 1991 1991 -3 -3 1976 1976 1976:1
707 722 711 726 712 729 708 762 714 738 756 764 761 753 715 770 763 755 760 765 716 730:6379:8 2 8 2 -1 2 8 370 -3 2 826 370 370 2098 -3 370 370 826 370 370 -3 2:1
733 749 715:2103:5 2098 -3:1
774 741 709 745 777 743 778 776 747:8864:1991 112 2 111 1976 98 1976 1976 622:1
738 761 749 725 764 726 760 732 768 733 766 754 770 756 758 762:7185:2 370 2098 2 370 2 370 5 370 5 370 826 370 826 826 370:1
725 712 753 715 754 760 729 711 758 738 762 765 770 761 763:5988:2 -1 2098 -3 826 370 2 8 826 2 370 370 370 370 370:1
765 770 707 732 716 729 756 753 760 738 708 754 714 755 725 761:6086:370 370 8 5 -3 2 826 2098 370 2 8 826 -3 826 2 370:1
776 708 707 777 771 711 712 709 772 715 778 775:11913:1976 8 8 1976 1991 8 -1 2 1991 -3 1976 1976:1
778 776 709 773 771:7936:1976 1976 2 1991 1991:1
778:1976:1976:1
772 707 708 716 745 711 774 715 712 741 773 714 775 776:10172:1991 8 8 -3 111 8 1991 -3 -1 112 1991 -3 1976 1976:1
770 711 761 763 715 753 712 765 738 729 762 754 725 758:5617:370 8 370 370 -3 2098 -1 370 2 2 370 826 2 826:1
752:3529:3529:1
753:3529:3529:1
752:3529:3529:1
752:3529:3529:1
749:3529:3529:1
751:3529:3529:1
749:3529:3529:1
753:3529:3529:1
778:3326:3326:1
753:3529:3529:1
752:3529:3529:1
760:650:650:1
751:3529:3529:1
752:3529:3529:1
753:3529:3529:1
774:3351:3351:1
773:3351:3351:1
766:650:650:1
750:3529:3529:1
751:3529:3529:1
749:3529:3529:1
751:3529:3529:1
767:650:650:1
753:3529:3529:1
749:3529:3529:1
768:650:650:1
771:3351:3351:1
749:3529:3529:1
752:3529:3529:1
749:3529:3529:1
772:3351:3351:1
749:3529:3529:1
750:3529:3529:1
750:3529:3529:1
751:3529:3529:1
770:650:650:1
750:3529:3529:1
753:3529:3529:1
771:3351:3351:1
752:3529:3529:1
751:3529:3529:1
775:3326:3326:1
776:3326:3326:1
750:3529:3529:1
751:3529:3529:1
753:3529:3529:1
751:3529:3529:1
778:3326:3326:1
774:3351:3351:1
752:3529:3529:1
752:3529:3529:1
749:3529:3529:1
750:3529:3529:1
753:3529:3529:1
753:3529:3529:1
751:3529:3529:1
751:3529:3529:1
751:3529:3529:1
749:3529:3529:1
751:3529:3529:1
749:3529:3529:1
760:650:650:1
778:3326:3326:1
753:3529:3529:1
770:650:650:1
753:3529:3529:1
750:3529:3529:1
752:3529:3529:1
749:3529:3529:1
749:3529:3529:1
771:3351:3351:1
751:3529:3529:1
771:3351:3351:1
749:3529:3529:1
750:3529:3529:1
753:3529:3529:1
753:3529:3529:1
751:3529:3529:1
749:3529:3529:1
749:3529:3529:1
775:3326:3326:1
750:3529:3529:1
750:3529:3529:1
752:3529:3529:1
767:650:650:1
770:650:650:1
749:3529:3529:1
766:650:650:1
749:3529:3529:1
759:286:286:1
751:3529:3529:1
753:3529:3529:1
749:3529:3529:1
749:3529:3529:1
776:3326:3326:1
751:3529:3529:1
752:3529:3529:1
750:3529:3529:1
777:3326:3326:1
749:3529:3529:1
777:3326:3326:1
749:3529:3529:1
750:3529:3529:1
775:3326:3326:1
752:3529:3529:1
776:3326:3326:1
753:3529:3529:1
753:3529:3529:1
749:3529:3529:1
749:3529:3529:1
751:3529:3529:1
777:3326:3326:1
750:3529:3529:1
752:3529:3529:1
771:3351:3351:1
753:3529:3529:1
752:3529:3529:1
751:3529:3529:1
749:3529:3529:1
763:650:650:1
771:3351:3351:1
770:650:650:1
778:3326:3326:1
752:3529:3529:1
752:3529:3529:1
750:3529:3529:1
753:3529:3529:1
771:3351:3351:1
752:3529:3529:1
771:3351:3351:1
753:3529:3529:1
753:3529:3529:1
749:3529:3529:1
749:3529:3529:1
753:3529:3529:1
768:650:650:1
753:3529:3529:1
749:3529:3529:1
753:3529:3529:1
768:650:650:1
777:3326:3326:1
752:3529:3529:1
770:650:650:1
749:3529:3529:1
749:3529:3529:1
771:3351:3351:1
749:3529:3529:1
749:3529:3529:1
771:3351:3351:1
749:3529:3529:1
752:3529:3529:1
776:3326:3326:1
776:3326:3326:1
752:3529:3529:1
750:3529:3529:1
778:3326:3326:1
712 770 762:741:-1 370 370:2
777 776 772 709 771 775 710 778 773:13882:1976 1976 1991 2 1991 1976 2 1976 1991:2
771 772:3982:1991 1991:2
754 762 758 760 715 707 770 708:2779:826 370 826 370 -3 8 370 8:2
743 741 772 742 778 777 747 771:8865:98 112 1991 99 1976 1976 622 1991:2
726 765 729 708 768 712 722 707 732 714 754 715 762 761 738 711 763 716 753 725 764 730 755 756 770 760 766:7953:2 370 2 8 370 -1 2 8 5 -3 826 -3 370 370 2 8 370 -3 2098 2 370 2 826 826 370 370 370:2
709:2:2:2
748 716 708 745 777 707 709 741 772 712 715 776 774 714 743 775:10879:630 -3 8 111 1976 8 2 112 1991 -1 -3 1976 1991 -3 98 1976:2
772:1991:1991:2
758 715 770 712:1196:826 -3 370 -1:2
772 778:3967:1991 1976:2
708 758 715 716 732 753 711 707 725 762 768 760 754 755 729 712 770 766 738 761 763:7205:8 826 -3 -3 5 2098 8 8 2 370 370 370 826 826 2 -1 370 370 2 370 370:2
716 707 715 745 741 773 743 709 742 708 747 748 775 776 771 711 772 712 774 714 778:15591:-3 8 -3 111 112 1991 98 2 99 8 622 630 1976 1976 1991 8 1991 -1 1991 -3 1976:2
733 749:2103:5 2098:2
764:370:370:2
760 762 770:1111:370 370 370:2
754 707 715 708 716 712 762 761 714 711 725 729 758:2422:826 8 -3 8 -3 -1 370 370 -3 8 2 2 826:2
707 708 716 755 732 711 756:1681:8 8 -3 826 5 8 826:2
712 725 758 738 760 762 765 770:2312:-1 2 826 2 370 370 370 370:2
707 738 715 755 716 754 726 711 708 763 762 756 760 758 768 712 770 714 730:5187:8 2 -3 826 -3 826 2 8 8 370 370 826 370 826 370 -1 370 -3 2:2
771:1991:1991:2
748 743 741 742 772 775 774 773 777:10864:630 98 112 99 1991 1976 1991 1991 1976:2
777 771:3967:1976 1991:2
758 762 729 708 707 711 754 715 761 725 770 760:3163:826 370 2 8 8 8 826 -3 370 2 370 370:2
771 775 772 777 709 773:9927:1991 1976 1991 1976 2 1991:2
756 755 716 753 763 765:4490:826 826 -3 2098 370 370:2
741 709 711 745 715 777 707 771 743 748 773 774 775 772 708 778 747 712 714 716 776:17361:112 2 8 111 -3 1869 8 1991 98 630 1991 1991 1976 1991 8 1976 622 -1 -3 -3 1976:2
729 725 749 761:2473:2 2 2098 370:2
770 758 715 762 760:1937:370 826 -3 370 370:2
715 762 712 760 770:1111:-3 370 -1 370 370:2
773 772:3982:1991 1991:2
773 775 710 777:5945:1991 1976 2 1976:2
763:370:370:2
722 708 749 716 715 754 763 707 730 711 765 726 760 733 770 714 766 756 761 758 732:6839:2 8 2098 -3 -3 826 370 8 2 8 370 2 370 5 370 -3 370 826 370 826 5:2
758 760:1196:826 370:2
707 753 715 754 725 711 762 738 712 729 770 765 760 758 761:5625:8 2098 -3 826 2 8 370 2 -1 2 370 370 370 826 370:2
716 708 738 725 732 711 762 715 754 712 764 760 768 756 770 765 714 766 758 729 761 763:5840:-3 8 2 2 5 8 370 -3 826 -1 370 370 370 826 370 370 -3 370 826 2 370 370:2
707 729 755 762 716 754 761 715 708 738 758 764 732 765 712 766 714 725 756:5184:8 2 826 370 -3 826 370 -3 8 2 826 370 5 370 -1 370 -3 2 826:2
775 772 771 776 774:9925:1976 1991 1991 1976 1991:2
778 771 709 715 707 748 743 711 712 774 747 716 775 777 742:11378:1976 1991 2 -3 8 630 98 8 -1 1991 622 -3 1976 1976 99:2
732 712 725 749 730 733 754 729 758 761 764 768 753 756 770 738 762 763 755 760 765 766:10852:5 -1 2 2098 2 5 826 2 826 370 370 370 2098 826 370 2 370 370 826 370 370 370:2
707 745 742 748 716 778 708 777 712 771 773 772 741 774 711 714 743 747 775:15588:8 111 99 630 -3 1976 8 1976 -1 1991 1991 1991 112 1991 8 -3 98 622 1976:2
773 709 772 777 771 778:9927:1991 2 1991 1976 1991 1976:2
768 753 756 760 725 762 732 738 754 755 765 764 761 770 766 763:7919:370 2098 826 370 2 370 5 2 826 826 370 370 370 370 370 370:2
761 758 762:1567:370 826 370:2
771 707 708 709 772 712 711 773 774 777 778:11943:1991 8 8 2 1991 -1 8 1991 1991 1976 1976:2
748 715 772 714 743 707 716 773 747 708 742 775 711 776 712:9408:630 -3 1991 -3 98 8 -3 1991 622 8 99 1976 8 1976 -1:2
742 773 743 709 748 745 747 741 772 778 771 777 776 774:15566:99 1991 98 2 630 111 622 112 1991 1976 1991 1976 1976 1991:2
777 771:3967:1976 1991:2
755:826:826:2
714 760 732 716 708 707 753 722 761 766 763 768 711 712 729 730 756 725 758 764 765:6382:-3 370 5 -3 8 8 2098 2 370 370 370 370 8 -1 2 2 826 2 826 370 370:2
712 758 762:1196:-1 826 370:2
771 709 777 776 772 710 773:9930:1991 2 1976 1976 1991 2 1991:2
709 741 716 715 711 745 707 777 743 748 742 771 773 772 708 774 747 712 776 714 775 778:17567:2 112 -3 -3 8 111 8 1976 98 630 99 1991 1991 1991 8 1991 622 -1 1976 -3 1976 1976:2
771 715 773 772 774 775 707 778 708 711 712:11940:1991 -3 1991 1991 1991 1976 8 1976 8 8 -1:2
749 708 722 768 712 707 729 726 758 715 738 732 714 711 754 762 765 716 753 725 761 730 763 733 755 760 764 756 770 766:10882:2098 8 2 370 -1 8 2 2 826 -3 2 5 -3 8 826 370 370 -3 2098 2 370 2 370 5 826 370 370 826 370 370:2
748 775 778 709 743 711 747 776 771:9280:630 1976 1976 2 98 8 622 1976 1991:2
778 716 777 708 771 707 772 773 776 709:11920:1976 -3 1976 8 1991 8 1991 1991 1976 2:2
778:1976:1976:2
707 768 753 760 738 725 729 756 763 754 755 761 762 765 764 766 770:7925:8 370 2098 370 2 2 2 826 370 826 826 370 370 370 370 370 370:2
749:3529:3529:2
749:3529:3529:2
750:3529:3529:2
753:3529:3529:2
749:3529:3529:2
750:3529:3529:2
750:3529:3529:2
752:3529:3529:2
752:3529:3529:2
752:3529:3529:2
751:3529:3529:2
749:3529:3529:2
752:3529:3529:2
749:3529:3529:2
749:3529:3529:2
751:3529:3529:2
751:3529:3529:2
763:650:650:2
773:3351:3351:2
751:3529:3529:2
750:3529:3529:2
752:3529:3529:2
773:3351:3351:2
753:3529:3529:2
750:3529:3529:2
750:3529:3529:2
751:3529:3529:2
753:3529:3529:2
750:3529:3529:2
753:3529:3529:2
749:3529:3529:2
752:3529:3529:2
768:650:650:2
753:3529:3529:2
752:3529:3529:2
750:3529:3529:2
753:3529:3529:2
752:3529:3529:2
768:650:650:2
751:3529:3529:2
750:3529:3529:2
752:3529:3529:2
753:3529:3529:2
777:3326:3326:2
751:3529:3529:2
777:3326:3326:2
774:3351:3351:2
751:3529:3529:2
749:3529:3529:2
749:3529:3529:2
753:3529:3529:2
749:3529:3529:2
774:3351:3351:2
752:3529:3529:2
766:650:650:2
760:650:650:2
775:3326:3326:2
749:3529:3529:2
751:3529:3529:2
751:3529:3529:2
749:3529:3529:2
752:3529:3529:2
753:3529:3529:2
751:3529:3529:2
749:3529:3529:2
752:3529:3529:2
750:3529:3529:2
752:3529:3529:2
750:3529:3529:2
751:3529:3529:2
767:650:650:2
751:3529:3529:2
774:3351:3351:2
752:3529:3529:2
774:3351:3351:2
750:3529:3529:2
749:3529:3529:2
752:3529:3529:2
751:3529:3529:2
749:3529:3529:2
750:3529:3529:2
751:3529:3529:2
753:3529:3529:2
749:3529:3529:2
750:3529:3529:2
768:650:650:2
772:3351:3351:2
753:3529:3529:2
750:3529:3529:2
749:3529:3529:2
753:3529:3529:2
760:650:650:2
752:3529:3529:2
776:3326:3326:2
771:3351:3351:2
771:3351:3351:2
751:3529:3529:2
766:650:650:2
751:3529:3529:2
749:3529:3529:2
751:3529:3529:2
752:3529:3529:2
751:3529:3529:2
749:3529:3529:2
750:3529:3529:2
750:3529:3529:2
750:3529:3529:2
752:3529:3529:2
752:3529:3529:2
751:3529:3529:2
751:3529:3529:2
764:650:650:2
751:3529:3529:2
749:3529:3529:2
752:3529:3529:2
752:3529:3529:2
751:3529:3529:2
750:3529:3529:2
751:3529:3529:2
749:3529:3529:2
753:3529:3529:2
769:286:286:2
751:3529:3529:2
752:3529:3529:2
749:3529:3529:2
751:3529:3529:2
751:3529:3529:2
751:3529:3529:2
760:650:650:2
749:3529:3529:2
752:3529:3529:2
759:650:650:2
767:650:650:2
767:650:650:2
751:3529:3529:2
762:650:650:2
753:3529:3529:2
753:3529:3529:2
750:3529:3529:2
750:3529:3529:2
753:3529:3529:2
750:3529:3529:2
752:3529:3529:2
750:3529:3529:2
749:3529:3529:2
752:3529:3529:2
714:0:-3:2
770:370:370:2
743 707 772 745 715 714 716 744 742 708 771 739 711 775 773:8490:98 8 1991 111 -3 -3 -3 111 99 8 1991 99 8 1976 1991:2
726 717 711 727 761 736 753 749 758 722 725 763 762 764 755 765 767 730 729 768 733 766 754 738 756 769 770:10860:2 10 8 2 370 2 2098 2098 826 2 2 370 370 370 826 370 370 2 2 370 5 370 826 2 826 6 348:2
707 771 715 708 711 709 716 776 712 772 777 778 773 774 714 775:15894:8 1991 -3 8 8 2 -3 1976 -1 1991 1976 1976 1991 1991 -3 1976:2
709 778 776 710 743 773 748 775 771 741 772 777 774:16712:2 1976 1976 2 98 1991 630 1976 1991 112 1991 1976 1991:2
764 756 763 766 768 753:4406:370 826 370 370 370 2098:2
777 709 771 773 776:7936:1976 2 1991 1991 1976:2
716 717 707 725 753 726 711 715 754 722 708 749 755 762 718 765 712 730 733 760 714 764 756 766 729 736 758 768 761 738 767 770 763 769:11276:-3 10 8 2 2098 2 8 -3 826 2 8 2098 826 370 10 370 -1 2 5 370 -3 370 826 370 2 2 826 370 370 2 370 370 370 6:2
709 771 775:3969:2 1991 1976:2
760 758 762 770:1937:370 826 370 370:2
739 744:209:99 111:2
712 770 758 765:1567:-1 370 826 370:2
729 708 707 762 753 751 716 725 738 715 712 768 754 759 714 760 755 766 752 764 761 767 763 765 769:11680:2 8 8 370 2098 2098 -3 2 2 -3 -1 370 826 370 -3 370 826 370 2098 370 370 370 370 370 6:2
743 776 777 778 709 748 741 771 773 774 775:14718:98 1976 1976 1976 2 630 112 1991 1991 1991 1976:2
715 758 712 754 760 762 765 770 761:3504:-3 826 -1 826 370 370 370 370 370:2
765 729 707 725 749 738 756 755 750 764 708 732 766 763 757 754 712 768 758 770 714 762 716 767 752 769:12595:370 2 8 2 2098 2 826 826 2098 370 8 5 370 370 -10 826 -1 370 826 370 -3 370 -3 370 2098 6:2
712 710 772 715 776 773 774 778:9927:-1 2 1991 -3 1976 1991 1991 1976:2
765 753 722 726 715 732 768 707 716 754 729 751 738 755 763 711 766 758 770 757 767 725 761 730 762 756 769:10505:370 2098 2 2 -3 5 370 8 -3 826 2 2098 2 826 370 8 370 826 370 -10 370 2 370 2 370 826 6:2
725 715 712 751 708 707 726 749 729 716 714 757 753 766 758 765 756 738 761 759 755 769 762 768 767 760 770:12138:2 -3 -1 2098 8 8 2 2098 2 -3 -3 -10 2098 370 826 370 826 2 370 370 826 6 370 370 370 370 370:2
762 754 712 758 715 763 760 770 761 765:3874:370 826 -1 826 -3 370 370 370 370 370:2
715 711 707 749 760 708 716 765 722 754 714 750 764 753 726 768 738 756 725 757 766 759 732 770 752 761 769:13052:-3 8 8 2098 370 8 -3 370 2 826 -3 2098 370 2098 2 370 2 826 2 -10 370 370 5 370 2098 370 6:2
752:2098:2098:2
710:2:2:2
742 776 777 743 775 745 748 772 774:10847:99 1976 1976 98 1976 111 630 1991 1991:2
743 709 741 716 710 715 778 707 711 771 773 708 774 712 714:8187:98 2 112 -3 2 -3 1976 8 8 1991 1991 8 1991 -1 -3:2
755 761 730 760 716 707 726 749 732 711 738 766 762 712 764 765 770 714 729 763:5918:826 370 2 370 -3 8 2 2098 5 8 2 370 370 -1 370 370 370 -3 2 370:2
715 754 712 762 760 763 765 770 761:3049:-3 826 -1 370 370 370 370 370 370:2
707 709 708 774 711 715 716 777 776:5970:8 2 8 1991 8 -3 -3 1976 1976:2
749 725 753 762 751 708 754 768 750 756 764 757 761 759 770 760 763 766:13388:2098 2 2098 370 2098 8 826 370 2098 826 370 -10 370 370 370 370 370 370:2
730:2:2:2
754 769 718 753 736 764 767:3683:826 6 10 2098 2 370 370:2
770 760 762 765:1482:370 370 370 370:2
730 765 755 732 749 756 726 754 738 757 729 768 750 758 752 762 760 764 761 770 766 769:12582:2 370 826 5 2098 826 2 826 2 -10 2 370 2098 826 2098 370 370 370 370 370 370 6:2
749 717 722 732 760 726 718 755 765 725 729 753 766 761 768 758 736 733 770 767 738 756 769:9317:2098 10 2 5 370 2 10 826 370 2 2 2098 370 370 370 826 2 5 370 370 2 826 6:2
712 715 758 763 760:1567:-1 -3 826 370 370:2
762 763 712 770 765 761:1852:370 370 -1 370 370 370:2
760 708 707 749 715 711 716 763 764 753 712 768 730 725 726 765 766 755 714 729 738 733 732 756 770 761 758 762:10054:370 8 8 2098 -3 8 -3 370 370 2098 -1 370 2 2 2 370 370 826 -3 2 2 5 5 826 370 370 826 370:2
748 776 709 714 773 775:6575:630 1976 2 -3 1991 1976:2
714 777 773 741 707 715 708 716 775 712 711 776 778 748:10662:-3 1976 1991 112 8 -3 8 -3 1976 -1 8 1976 1976 630:2
753:3529:3529:2
750:3529:3529:2
763:650:650:2
771:3351:3351:2
750:3529:3529:2
778:3326:3326:2
751:3529:3529:2
753:3529:3529:2
749:3529:3529:2
750:3529:3529:2
751:3529:3529:2
750:3529:3529:2
749:3529:3529:2
772:3351:3351:2
750:3529:3529:2
761:650:650:2
772:3351:3351:2
778:3326:3326:2
753:3529:3529:2
750:3529:3529:2
753:3529:3529:2
775:3326:3326:2
759:650:650:2
753:3529:3529:2
749:3529:3529:2
752:3529:3529:2
767:650:650:2
751:3529:3529:2
752:3529:3529:2
750:3529:3529:2
751:3529:3529:2
753:3529:3529:2
750:3529:3529:2
762:650:650:2
767:650:650:2
774:3351:3351:2
772:3351:3351:2
749:3529:3529:2
749:3529:3529:2
750:3529:3529:2
750:3529:3529:2
749:3529:3529:2
749:3529:3529:2
751:3529:3529:2
775:3326:3326:2
752:3529:3529:2
752:3529:3529:2
763:650:650:2
753:3529:3529:2
749:3529:3529:2
752:3529:3529:2
750:3529:3529:2
749:3529:3529:2
749:3529:3529:2
749:3529:3529:2
749:3529:3529:2
776:3326:3326:2
749:3529:3529:2
776:3326:3326:2
778:3326:3326:2
749:3529:3529:2
752:3529:3529:2
774:3351:3351:2
749:3529:3529:2
750:3529:3529:2
753:3529:3529:2
751:3529:3529:2
778:3326:3326:2
749:3529:3529:2
752:3529:3529:2
753:3529:3529:2
752:3529:3529:2
753:3529:3529:2
772:3351:3351:2
752:3529:3529:2
753:3529:3529:2
772:3351:3351:2
764:650:650:2
751:3529:3529:2
750:3529:3529:2
751:3529:3529:2
751:3529:3529:2
753:3529:3529:2
777:3326:3326:2
753:3529:3529:2
749:3529:3529:2
752:3529:3529:2
778:3326:3326:2
778:3326:3326:2
759:650:650:2
749:3529:3529:2
751:3529:3529:2
776:3326:3326:2
749:3529:3529:2
750:3529:3529:2
751:3529:3529:2
772:3351:3351:2
750:3529:3529:2
750:3529:3529:2
749:3529:3529:2
750:3529:3529:2
752:3529:3529:2
762:650:650:2
752:3529:3529:2
751:3529:3529:2
750:3529:3529:2
753:3529:3529:2
753:3529:3529:2
752:3529:3529:2
753:3529:3529:2
752:3529:3529:2
751:3529:3529:2
753:3529:3529:2
751:3529:3529:2
749:3529:3529:2
751:3529:3529:2
760:650:650:2
771:3351:3351:2
751:3529:3529:2
749:3529:3529:2
751:3529:3529:2
751:3529:3529:2
766:650:650:2
749:3529:3529:2
750:3529:3529:2
753:3529:3529:2
752:3529:3529:2
751:3529:3529:2
750:3529:3529:2
751:3529:3529:2
749:3529:3529:2
752:3529:3529:2
765:650:650:2
749:3529:3529:2
749:3529:3529:2
751:3529:3529:2
759:650:650:2
750:3529:3529:2
753:3529:3529:2
753:3529:3529:2
766:650:650:2
752:3529:3529:2
750:3529:3529:2
765:650:650:2
753:3529:3529:2
759:650:650:2
766:650:650:2
773:3351:3351:2
778:3326:3326:2
753:3529:3529:2
752:3529:3529:2
760:650:650:2
751:3529:3529:2
751:3529:3529:2
764:650:650:2
772:3351:3351:2
753:3529:3529:2
749:3529:3529:2
753:3529:3529:2
777:3326:3326:2
777:3326:3326:2
709 777 778 772 712 775 776:9897:2 1976 1976 1991 -1 1976 1976:2
761:370:370:2
760 770 712 758:1567:370 370 -1 826:2
709 771 710 774 777:5963:2 1991 2 1991 1976:2
776:1976:1976:2
730 769:373:2 370:2
745 741 772 773 776 709 774 775:10150:111 112 1991 1991 1976 2 1991 1976:2
749 732 712 768 715 753 707 722 750 755 751 754 716 767 708 763 765 770 757 738 711 760 759 766 752 756 769:17161:2098 5 -1 370 -3 2098 8 2 2098 826 2098 826 -3 370 8 370 370 370 826 2 8 370 370 370 2098 826 370:2
709 777 714 774 772:5960:2 1976 -3 1991 1991:2
762 760 763 712 715 761 765:1852:370 370 370 -1 -3 370 370:2
758 760 762 763:1937:826 370 370 370:2
716 708 707 772 741 710 715 743 777 709 712 778 773 714 775 748 711 771 774:14761:-3 8 8 1991 112 2 -3 98 1976 2 -1 1976 1991 -3 1976 630 8 1991 1991:2
758 715 754 712 763 762 765 760 770:3504:826 -3 826 -1 370 370 370 370 370:2
726 750 753 707 762 715 732 711 768 760 755 708 770 751 754 729 766 712 756 714 757 752 758 763 759 769:15519:2 2098 2098 8 370 -3 5 8 370 370 826 8 370 2098 826 2 370 -1 826 -3 826 2098 826 370 370 370:2
778 772 710:3969:1976 1991 2:2
755 749 751 764 753 760 729 768 758 750 757 770 754 765 752 767 761 763 769:17130:826 2098 2098 370 2098 370 2 370 826 2098 826 370 826 370 2098 370 370 370 370:2
733 766:375:5 370:2
725 761 708 738 754 733 758 749 764 765 730 768 753 766 755:8546:2 370 8 2 826 5 826 2098 370 370 2 370 2098 370 826:2
778 710 772 776:5945:1976 2 1991 1976:2
761 715 760 762 712 763:1482:370 -3 370 370 -1 370:2
749 756 753 768 730 757 726 725 765 759 755 754 738 760 758 761 762 764 767 770:11669:2098 826 2098 370 2 826 2 2 370 370 826 826 2 370 826 370 370 370 370 370:2
749 732 768 730 760 753 722 726 766 754 770 756 738 762:7714:2098 5 370 2 370 2098 2 2 370 826 370 826 2 370:2
758 712 770 760:1567:826 -1 370 370:2
715 729 707 755 716 738 726 732 749 763 708 758 760 754 757 750 711 766 759 765 712 761 714 762 725 756 769:11328:-3 2 8 826 -3 2 2 5 2098 370 8 826 370 826 826 2098 8 370 370 370 -1 370 -3 370 2 826 370:2
771 745 742 709 774 773 741 778:8273:1991 111 99 2 1991 1991 112 1976:2
732 763 707 726 708 729 711 715 758 768 712 749 753 754 733 716 767 764 714 762 755 770 756 722 761 765 760 730 766 738:11250:5 370 8 2 8 2 8 -3 826 370 -1 2098 2098 826 5 -3 370 370 -3 370 826 370 826 2 370 370 370 2 370 2:2
742 743 775 745 741 744 777 709 748 773 747 774 776:11695:99 98 1976 111 112 111 1976 2 630 1991 622 1991 1976:2
761 760 770 765:1482:370 370 370 370:2
764 708 707 722 715 751 712 749 770 711 725 738 760 753 716 754 766 729 732 768 730 757 752 763 761 756 769 765 762 759 758 767:16182:370 8 8 2 -3 2098 -1 2098 370 8 2 2 370 2098 -3 826 370 2 5 370 2 826 2098 370 370 826 370 370 370 370 826 370:2
758:826:826:2
712 772 775 777 774:7934:-1 1991 1976 1976 1991:2
768 770:741:370 370:2
715 741 772 709 707 745 748 714 708 743 771 773 711 776 777 712:10902:-3 112 1991 2 8 111 630 -3 8 98 1991 1991 8 1976 1976 -1:2
744 739 772 742 745 711 774 741 778 773 777:10464:111 99 1991 99 111 8 1991 112 1976 1991 1976:2
712 762 715 770 761 763 765:1852:-1 370 -3 370 370 370 370:2
765:370:370:2
754 711 714 762 722 715 707 725 729 730 716 768 755 751 749 732 758 759 750 760 764 766 752 767 763 770 765:14605:826 8 -3 370 2 -3 8 2 2 2 -3 370 826 2098 2098 5 826 370 2098 370 370 370 2098 370 370 370 370:2
742 708 777 745 707 709 775 771 741 712 747 748 711 774 714 772 773 778 716 776:17255:99 8 1976 111 8 2 1869 1991 112 -1 622 630 8 1991 -3 1991 1991 1976 -3 1869:2
752:2098:2098:2
707 722 715 732 711 764 716 753 708 729 749 754 726 768 760 755 712 736 765 767 756 770 766 738 717 763 758 725 759 730 762 733 761 769:12006:8 2 -3 5 8 370 -3 2098 8 2 2098 826 2 370 370 826 -1 2 370 370 826 370 370 2 10 370 826 2 370 2 370 5 370 370:2
715 708 726 751 712 753 732 750 738 711 762 757 714 754 755 765 766 729 758 759 730 767 763 764 769 770:12962:-3 8 2 2098 -1 2098 5 2098 2 8 370 826 -3 826 826 370 370 2 826 370 2 370 370 370 370 370:2
722 757 729 758 726 725 768 767 730 761 754 752 749 756 770 766 738 769 750 760 762 765:12946:2 826 2 826 2 2 370 370 2 370 826 2098 2098 826 370 370 2 370 2098 370 370 370:2
715 712 775 708 716 709 710 711 714 778 743 773 748 771 772 774 776:14641:-3 -1 1976 8 -3 2 2 8 -3 1976 98 1991 630 1991 1991 1991 1976:2
709 772 778:3969:2 1991 1976:2
708 715 768 760 753 707 749 722 711 716 763 766 754 712 765 764 729 726 733 770 755 714 756 761 758 725 762:10872:8 -7 370 370 2098 8 2098 2 8 -3 370 370 826 -1 370 370 2 2 5 370 826 -3 826 370 826 2 370:2
755 761 722 725 732 756 726 766 754 758 768 764 770:5168:826 370 2 2 5 826 2 370 826 826 370 370 370:2
774 771 777 709 710:5963:1991 1991 1976 2 2:2
743 709 773 777 748 741 776 775 771 772 774 778:16710:98 2 1991 1976 630 112 1976 1976 1991 1991 1991 1976:2
762:370:370:2
712 715 716 707 772 709 743 714 745 742 747 708 778 741 748 775 771 777 774 711 776 773:17567:-1 -3 -3 8 1991 2 98 -3 111 99 622 8 1976 112 630 1976 1991 1976 1991 8 1976 1991:2
758 738 717 727 765 718 725 726 756 753 760 768 769 729 762 755 736 754 764 770:8029:826 2 10 2 370 10 2 2 826 2098 370 370 370 2 370 826 2 826 370 370:2
749:2098:2098:2
725 707 708 722 726 716 711 754 732 712 715 758 768 761 733 764 756 714 770 763:4371:2 8 8 2 2 -3 8 826 5 -1 -3 826 370 370 5 370 826 -3 370 370:2
743 776 741 745 775 748 709 772 747 771 777 778 774:15346:98 1976 112 111 1976 630 2 1991 622 1991 1869 1976 1991:2
732 756 753 722 726 760 755 766 729 730 758 761 770 763:6442:5 826 2098 2 2 370 826 370 2 2 826 370 370 370:2
742:99:99:2
714:0:-3:2
722 751 726 753 768 707 715 732 729 757 749 755 754 708 716 758 763 759 750 767 764 711 730 761 770 712 765 762 738 725 760 752 766 756 769:19108:2 2098 2 2098 370 8 -3 5 2 826 2098 826 826 8 -3 826 370 370 2098 370 370 8 2 370 370 -1 370 370 2 2 370 2098 370 826 370:2
748 710:633:630 2:2
747 708 711 771 715 709 707 772 777 745 742 774 716 712 714 776:10784:622 8 8 1991 -3 2 8 1991 1976 111 99 1991 -3 -1 -3 1976:2
776 773 712 777 771 709 772 775 774 778:15870:1976 1991 -1 1976 1991 2 1991 1976 1991 1976:2
710 771 715 777 776 712 775:7921:2 1991 -3 1976 1976 -1 1976:2
725 729:5:2 2:2
710 715 771 716 707 741 743 775 711 778 708 712 714 776:8155:2 -3 1991 -3 8 112 98 1976 8 1976 8 -1 -3 1976:2
758 760 754 762 763 761 715 770:3504:826 370 826 370 370 370 -3 370:2
758:826:826:2
722 749 726 708 729 712 754 707 738 758 732 715 763 714 768 711 753 765 762 716 764 761 755 725 770 730 733 760 756:10465:2 2098 2 8 2 -1 780 8 2 826 5 -3 370 -3 370 8 2098 370 370 -3 370 370 826 2 370 2 5 370 826:2
765:370:370:2
771 710 715 778 709 712 773 776 772 775 777 774:15872:1991 2 -3 1976 2 -1 1991 1976 1991 1976 1976 1991:2
726 729 725 751 755 768 732 749 756 738 761 757 758 764 767 752 759 763 760 765 769:12946:2 2 2 2098 826 370 5 2098 826 2 370 826 826 370 370 2098 370 370 370 370 370:2
712 772 715 771 707 778 708 774 714 775 716 709 776 711 777:13904:-1 1991 -3 1991 8 1976 8 1991 -3 1976 -3 2 1976 8 1976:2
711 771 715 777 707 745 743 748 773 772 742 774 708 778 747 714 775 716 739:15575:8 1991 -3 1976 8 111 98 630 1991 1991 99 1991 8 1976 622 -3 1976 -3 99:2
775:1976:1976:2
742:99:99:2
749 761 722 725 751 732 763 753 765 758 730 729 757 767 769 755 759 754 760 756 768 770:13771:2098 370 2 2 2098 5 370 2098 370 826 2 2 826 370 370 826 370 826 370 826 370 370:2
707 772 715 708 711 710 741 778 712 771 716 774 773 743 714 775:12152:8 1991 -3 8 8 2 112 1976 -1 1991 -3 1991 1991 98 -3 1976:2
758 755 722 749 752 725 760 751 762 729 730 750 769 754 764 765 767 756 766 757 770:15494:826 826 2 2098 2098 2 370 2098 370 2 2 2098 370 826 370 370 370 826 370 826 370:2
765:370:370:2
714 722 708 738 707 715 756 749 716 726 758 768 712 760 730 754 725 766 762 765:6456:-3 2 8 2 8 -3 826 2098 -3 2 826 370 -1 370 2 826 2 370 370 370:2
736 718:12:2 10:2
741 776 709 748 745 747 773 771 778 772:11403:112 1976 2 630 111 622 1991 1991 1976 1991:2
755 765 726 729 753 766 722 733 767 756 762 763 754 725 764 730 768 770:7556:826 370 2 2 2098 370 2 5 370 826 370 370 826 2 370 2 370 370:2
729 707 762 750 738 715 732 751 763 708 768 755 753 766 770 757 754 711 758 712 759 725 765 752 761 756 767 769:16262:2 8 370 2098 2 -3 5 2098 370 8 370 826 2098 370 370 826 826 8 826 -1 370 2 370 2098 370 826 370 370:2
729 725 726 722 714 754 716 749 752 764 732 760 751 750 730 765 756 758 763 753 766 762 755 767:16403:2 2 2 2 -3 826 -3 2098 2098 370 5 370 2098 2098 2 370 826 826 370 2098 370 370 826 370:2
758 715 770 760:1567:826 -3 370 370:2
748 707 708 715 771 711 716 777 772 712 778 773 774 743 776:14644:630 8 8 -3 1991 8 -3 1976 1991 -1 1976 1991 1991 98 1976:2
778 710 777 709 772 712 771 715 774 776 773 775:15873:1976 2 1976 2 1991 -1 1991 -3 1991 1976 1991 1976:2
744 742 739:308:111 99 99:2
748 708 712 711 772 715 741 775 774 714 778 742 716 743 747:9511:630 8 -1 8 1991 -3 112 1976 1991 -3 1976 99 -3 98 622:2
716 711 764 753 715 707 729 732 749 726 768 755 750 708 738 754 760 751 763 767 766 712 756 725 757 730 758 752 759 761 762 769:18365:-3 8 370 2098 -3 8 2 5 2098 2 370 826 2098 8 2 826 370 2098 370 370 370 -1 826 2 826 2 826 2098 370 370 370 370:2
774:3351:3351:2
753:3529:3529:2
774:3351:3351:2
776:3326:3326:2
771:3351:3351:2
752:3529:3529:2
753:3529:3529:2
753:3529:3529:2
751:3529:3529:2
753:3529:3529:2
775:3326:3326:2
773:3351:3351:2
749:3529:3529:2
752:3529:3529:2
751:3529:3529:2
753:3529:3529:2
750:3529:3529:2
770:650:650:2
773:3351:3351:2
749:3529:3529:2
764:650:650:2
753:3529:3529:2
752:3529:3529:2
749:3529:3529:2
772:3351:3351:2
752:3529:3529:2
749:3529:3529:2
775:3326:3326:2
749:3529:3529:2
753:3529:3529:2
772:3351:3351:2
753:3529:3529:2
770:650:650:2
760:650:650:2
753:3529:3529:2
752:3529:3529:2
749:3529:3529:2
752:3529:3529:2
750:3529:3529:2
752:3529:3529:2
753:3529:3529:2
750:3529:3529:2
752:3529:3529:2
751:3529:3529:2
753:3529:3529:2
753:3529:3529:2
752:3529:3529:2
753:3529:3529:2
751:3529:3529:2
751:3529:3529:2
752:3529:3529:2
750:3529:3529:2
751:3529:3529:2
770:650:650:2
753:3529:3529:2
752:3529:3529:2
776:3326:3326:2
775:3326:3326:2
750:3529:3529:2
751:3529:3529:2
749:3529:3529:2
753:3529:3529:2
749:3529:3529:2
750:3529:3529:2
749:3529:3529:2
753:3529:3529:2
750:3529:3529:2
749:3529:3529:2
764:650:650:2
752:3529:3529:2
752:3529:3529:2
764:650:650:2
753:3529:3529:2
750:3529:3529:2
771:3351:3351:2
771:3351:3351:2
751:3529:3529:2
771:3351:3351:2
771:3351:3351:2
778:3326:3326:2
752:3529:3529:2
777:3326:3326:2
762:650:650:2
752:3529:3529:2
773:3351:3351:2
750:3529:3529:2
777:3326:3326:2
751:3529:3529:2
752:3529:3529:2
749:3529:3529:2
767:650:650:2
776:3326:3326:2
752:3529:3529:2
750:3529:3529:2
766:650:650:2
752:3529:3529:2
749:3529:3529:2
752:3529:3529:2
777:3326:3326:2
752:3529:3529:2
750:3529:3529:2
749:3529:3529:2
753:3529:3529:2
753:3529:3529:2
767:650:650:2
751:3529:3529:2
749:3529:3529:2
749:3529:3529:2
773:3351:3351:2
751:3529:3529:2
770:650:650:2
749:3529:3529:2
751:3529:3529:2
749:3529:3529:2
749:3529:3529:2
752:3529:3529:2
770:650:650:2
749:3529:3529:2
749:3529:3529:2
771:3351:3351:2
773:3351:3351:2
750:3529:3529:2
750:3529:3529:2
750:3529:3529:2
773:3351:3351:2
752:3529:3529:2
749:3529:3529:2
762:650:650:2
752:3529:3529:2
753:3529:3529:2
767:650:650:2
753:3529:3529:2
750:3529:3529:2
777:3326:3326:2
750:3529:3529:2
750:3529:3529:2
750:3529:3529:2
777:3326:3326:2
750:3529:3529:2
752:3529:3529:2
749:3529:3529:2
775:3326:3326:2
752:3529:3529:2
752:3529:3529:2
753:3529:3529:2
753:3529:3529:2
767:650:650:2
753:3529:3529:2
752:3529:3529:2
750:3529:3529:2
770:650:650:2
749:3529:3529:2
772:3351:3351:2
753:3529:3529:2
772:3351:3351:2
765:650:650:2
752:3529:3529:2
771:3351:3351:2
749:3529:3529:2
750:3529:3529:2
751:3529:3529:2
751:3529:3529:2
752:3529:3529:2
752:3529:3529:2
750:3529:3529:2
763:650:650:2
753:3529:3529:2
752:3529:3529:2
751:3529:3529:2
761 715 754 762 758 760 763 725 770:3506:370 -3 826 370 826 370 370 2 370:2
774 773:3982:1991 1991:2
749 726 714 725 715 708 707 712 765 732 711 754 722 716 729 768 760 758 733 764 763 730 766 770 762 753 755:9683:2098 2 -3 2 -3 8 8 -1 370 5 8 826 2 -3 2 370 370 826 5 370 370 2 370 370 370 2098 826:2
774 776 777 742 709 773 741 747:8769:1991 1976 1976 99 2 1991 112 622:2
716 715 707 754 708 749 711 764 758 738 712 770 753 750 751 768 762 752 755 756 761 759 765 766 769:17154:-3 -3 8 826 8 2098 8 370 826 2 -1 370 2098 2098 2098 370 370 2098 826 826 370 370 370 370 370:2
707 742 778 748 716 709 745 771 712 711 741 772 714 715 743:7026:8 99 1976 630 -3 2 111 1991 -1 8 112 1991 -3 -3 98:2
715 773 709 772 775 776 774:9927:-3 1991 2 1991 1976 1976 1991:2
758 715 754 712 762 760 770 761 765:3504:826 -3 826 -1 370 370 370 370 370:2
757:826:826:2
761 708 707 715 755 732 716 751 762 711 712 750 758 754 760 757 764 725 714 765 767 729 766 759 770 756 722 768 730 738 752 763 769:14910:370 8 8 -3 826 5 -3 2098 370 8 -1 2098 826 826 370 826 370 2 -3 370 370 2 370 370 370 826 2 370 2 2 2098 370 370:2
715 707 772 745 741 712 716 709 743 708 742 778 747 714 777 744 711 748 739 771 773 774 775 776:17776:-3 8 1991 111 112 -1 -3 2 98 8 99 1976 622 -3 1976 111 8 630 99 1991 1991 1991 1976 1976:2
726 722 714:5:2 2 -3:2
754 715 758 760 763 762 770 712 765:3504:826 -3 826 370 370 370 370 -1 370:2
769 717 732:385:370 10 5:2
722 708 732 707 716 714 754 715 726 711 730 761 762 758:2429:2 8 5 8 -3 -3 826 -3 2 8 2 370 370 826:2
708 749 711 715 732 763 751 726 712 750 729 760 766 762 753 764 730 770 756 769 755 752 767 761 759:15874:8 2098 8 -3 5 370 2098 2 -1 2098 2 370 370 370 2098 370 2 370 826 370 826 2098 370 370 370:2
755 725 707 770 716 715 729 749 732 760 708 754 733 712 756 714 763:5717:826 2 8 370 -3 -3 2 2098 5 370 8 826 5 -1 826 -3 370:2
709 742 745 748 747 771 775 772 774:9414:2 99 111 630 622 1991 1976 1991 1991:2
732 749 762 714 716 715 725 707 767 750 768 751 753 738 764 711 770 765 757 760 712 759 729 761 752 756 763:15874:5 2098 370 -3 -3 -3 2 8 370 2098 370 2098 2098 2 370 8 370 370 826 370 -1 370 2 370 2098 826 370:2
715 774 775 777 709:5945:-3 1991 1976 1976 2:2
732 750 751 730:4203:5 2098 2098 2:2
743 777 778 773 741 748 775 709 776 771 772 774:16710:98 1976 1976 1991 112 630 1976 2 1976 1991 1991 1991:2
714 741 748 715 708 709 745 707 716 777 771 742 711 712 772 743 776 747 774 775 778:15574:-3 112 630 -3 8 2 111 8 -3 1976 1991 99 7 -1 1991 98 1976 622 1991 1976 1976:2
718 727 723 717 736 730 732:35:10 2 2 10 2 2 5:2
763 761 754:1567:370 370 826:2
725 758 715 712 754 762 765 760 770 761 763:3877:2 826 -3 -1 826 370 370 370 370 370 370:2
710 773 709 771:3987:2 1991 2 1991:2
773 709 771 715 778 710 712 777 774 772 776:13897:1991 2 1991 -3 1976 2 -1 1976 1991 1991 1976:2
732 762 763 711 708 715 729 707 767 765 764 733 753 717 712 768 756 722 714 730 760 736 727 738 766 761:6316:5 370 370 8 8 -3 2 8 370 370 370 5 2098 10 -1 370 826 2 -3 2 370 2 2 2 370 370:2
726:2:2:2
762 761 754 765 715 758 770 760:3504:370 370 826 370 -3 826 370 370:2
707 715 751 749 712 762 708 722 725 760 753 750 716 764 711 738 752 766 755 754 761 770 729 768 769 763 757 765 756 759 758 767:19098:8 -3 2098 2098 -1 370 8 2 2 370 2098 2098 -3 370 8 2 2098 370 826 826 370 370 2 370 370 370 826 370 826 370 826 370:2
707 751 753 716 711 725 732 726 708 759 755 722 729 749 754 762 712 750 756 730 714 760 757 764 752 765 758 738 761 766 767 768 763 769 770:19108:8 2098 2098 -3 8 2 5 2 8 370 826 2 2 2098 826 370 -1 2098 826 2 -3 370 826 370 2098 370 826 2 370 370 370 370 370 370 370:2
707 722 762 711 716 749 715 733 708 738 764 756 725 763 768 758 712 732 714 760 730 766 761:6386:8 2 370 8 -3 2098 -3 5 8 2 370 826 2 370 370 826 -1 5 -3 370 2 370 370:2
709 707 772 715 773 775 708 711 712:5984:2 8 1991 -3 1991 1976 8 8 -1:2
758 715 712 760:1196:826 -3 -1 370:2
708 709 707 715 771 741 711 742 716 712 774 773 778 714 775 776:12138:8 2 8 -3 1991 112 8 99 -3 -1 1991 1991 1976 -3 1976 1976:2
716 711 745 777 707 708 778 748 741 773 712 771 747 709 743 772 775 715 776 774:17468:-3 8 111 1976 8 8 1976 630 112 1991 -1 1991 622 2 98 1991 1976 -3 1976 1991:2
726 768 753 760 730 729 725 749 732 738 754 766 733 761 764 763 762 765 755 756 758:10484:2 370 2098 370 2 2 2 2098 5 2 826 370 5 370 370 370 370 370 826 826 826:2
772 710 771 773 778 776 774 709 775:13897:1991 2 1991 1991 1976 1976 1991 2 1976:2
756 725 759 729 707 753 750 738 758 755 760 764 752 763 765 762 769 761 767:12121:826 2 370 2 8 2098 2098 2 826 826 370 370 2098 370 370 370 370 370 370:2
712 770:370:-1 370:2
750 753 722 730 760 754 764 726 766 752 729 757 768 756 738 758 770 761 759 769 762:12943:2098 2098 2 2 370 826 370 2 370 2098 2 826 370 826 2 826 370 370 370 370 370:2
708 707 748 709 778 715 714 710 711 712 772 775 776 716 773 777:12545:8 8 630 2 1976 -3 -3 2 8 -1 1991 1976 1976 -3 1991 1976:2
762 754 712 770:1567:370 826 -1 370:2
715:0:-3:2
739 744:209:99 111:2
708 741 776 715 745 777 707 742 711 712 773 714 778 743 748 771 774:12975:8 112 1976 -3 111 1976 8 99 8 -1 1991 -3 1976 98 630 1991 1991:2
743 777 709 742 745 775 776 747 773 748 771 772 774 778:17430:98 1976 2 99 111 1976 1976 622 1991 630 1991 1991 1991 1976:2
732 760:375:5 370:2
763:370:370:2
755 722 716 726 761 754 708 715 758 729 766 762 711 738 712 732 725 763 770:4363:826 2 -3 2 370 826 8 -3 826 2 370 370 8 2 -1 5 2 370 370:2
772 710 715 778 777 773 709 775 771 776 774:15872:1991 2 -3 1976 1976 1991 2 1976 1991 1976 1991:2
758 761 765:1567:826 370 370:2
776:1976:1976:2
773 707 778 711 748 716 709 742 777 714 745 739 771 743 772 741 774 747 776 775:17549:1884 8 1976 8 630 -3 2 99 1976 -3 111 99 1991 98 1991 112 1991 622 1976 1976:2
758 770 760 754 761 763 762 765:3874:826 370 370 826 370 370 370 370:2
753 711 707 708 718 733 715 725 726 756 712 768 729 732 749 754 736 714 758 760 762 716 764 765 770 717 766 722 730 738 761 763:10079:2098 8 8 8 10 5 -4 2 2 826 -1 370 2 5 2098 826 2 -3 826 370 370 -3 370 370 370 10 370 2 2 2 370 370:2
777 707 715 772 716 711 743 774 775 708 712 714 776:10032:1976 8 -3 1991 -3 8 98 1991 1976 8 -1 -3 1976:2
743 741 745 773 776 709 747 777 778 775:10840:98 112 111 1991 1976 2 622 1976 1976 1976:2
741 774 714 772 775 778:8046:112 1991 -3 1991 1976 1976:2
725 732 749 760 753 752 751 722 729 758 750 764 755 761 759 730 754 762 765 769 756 738 763 770 757 768:18340:2 5 2098 370 2098 2098 2098 2 2 826 2098 370 826 370 370 2 826 370 370 370 826 2 370 370 826 370:2
712 715 758 770 760 762:1937:-1 -3 826 370 370 370:2
749:3529:3529:2
749:3529:3529:2
753:3529:3529:2
750:3529:3529:2
777:3326:3326:2
750:3529:3529:3
770:650:650:3
750:3529:3529:3
750:3529:3529:3
753:3529:3529:3
751:3529:3529:3
752:3529:3529:3
778:3326:3326:3
751:3529:3529:3
751:3529:3529:3
752:3529:3529:3
752:3529:3529:3
777:3326:3326:3
772:3351:3351:3
750:3529:3529:3
752:3529:3529:3
751:3529:3529:3
751:3529:3529:3
753:3529:3529:3
771:3351:3351:3
751:3529:3529:3
766:650:650:3
753:3529:3529:3
777:3326:3326:3
750:3529:3529:3
749:3529:3529:3
777:3326:3326:3
750:3529:3529:3
753:3529:3529:3
751:3529:3529:3
750:3529:3529:3
753:3529:3529:3
753:3529:3529:3
753:3529:3529:3
749:3529:3529:3
751:3529:3529:3
753:3529:3529:3
752:3529:3529:3
753:3529:3529:3
773:3351:3351:3
775:3326:3326:3
760:650:650:3
767:650:650:3
749:3529:3529:3
750:3529:3529:3
775:3326:3326:3
750:3529:3529:3
759:650:650:3
763:650:650:3
749:3529:3529:3
751:3529:3529:3
749:3529:3529:3
749:3529:3529:3
753:3529:3529:3
752:3529:3529:3
749:3529:3529:3
775:3326:3326:3
778:3326:3326:3
777:3326:3326:3
752:3529:3529:3
752:3529:3529:3
751:3529:3529:3
750:3529:3529:3
772:3351:3351:3
751:3529:3529:3
751:3529:3529:3
759:650:650:3
752:3529:3529:3
751:3529:3529:3
750:3529:3529:3
750:3529:3529:3
749:3529:3529:3
750:3529:3529:3
752:3529:3529:3
750:3529:3529:3
753:3529:3529:3
751:3529:3529:3
749:3529:3529:3
753:3529:3529:3
749:3529:3529:3
749:3529:3529:3
775:3326:3326:3
773:3351:3351:3
749:3529:3529:3
752:3529:3529:3
753:3529:3529:3
775:3326:3326:3
778:3326:3326:3
773:3351:3351:3
753:3529:3529:3
749:3529:3529:3
778:3326:3326:3
753:3529:3529:3
752:3529:3529:3
753:3529:3529:3
752:3529:3529:3
777:3326:3326:3
751:3529:3529:3
750:3529:3529:3
761:650:650:3
753:3529:3529:3
749:3529:3529:3
771:3351:3351:3
776:3326:3326:3
749:3529:3529:3
750:3529:3529:3
750:3529:3529:3
751:3529:3529:3
750:3529:3529:3
749:3529:3529:3
777:3326:3326:3
749:3529:3529:3
768:650:650:3
751:3529:3529:3
753:3529:3529:3
751:3529:3529:3
749:3529:3529:3
752:3529:3529:3
763:650:650:3
775:3326:3326:3
753:3529:3529:3
751:3529:3529:3
751:3529:3529:3
751:3529:3529:3
751:3529:3529:3
751:3529:3529:3
751:3529:3529:3
751:3529:3529:3
751:3529:3529:3
750:3529:3529:3
753:3529:3529:3
753:3529:3529:3
750:3529:3529:3
749:3529:3529:3
749:3529:3529:3
764:650:650:3
765:650:650:3
760:650:650:3
776:3326:3326:3
773:3351:3351:3
751:3529:3529:3
776:3326:3326:3
752:3529:3529:3
750:3529:3529:3
776:3326:3326:3
751:3529:3529:3
749:3529:3529:3
770:650:650:3
778:3326:3326:3
749:3529:3529:3
765:650:650:3
751:3529:3529:3
753:3529:3529:3
752:3529:3529:3
749:3529:3529:3
773:3351:3351:3
766:650:650:3
765:650:650:3
753:3529:3529:3
749:3529:3529:3
770:650:650:3
751:3529:3529:3
751:3529:3529:3
752:3529:3529:3
750:3529:3529:3
753:3529:3529:3
751:3529:3529:3
750:3529:3529:3
750:3529:3529:3
752:3529:3529:3
760:650:650:3
749:3529:3529:3
749:3529:3529:3
749:3529:3529:3
751:3529:3529:3
749:3529:3529:3
753:3529:3529:3
750:3529:3529:3
763:650:650:3
753:3529:3529:3
768:650:650:3
750:3529:3529:3
768:650:650:3
753:3529:3529:3
750:3529:3529:3
777:3326:3326:3
750:3529:3529:3
752:3529:3529:3
776:3326:3326:3
749:3529:3529:3
769:650:650:3
750:3529:3529:3
751:3529:3529:3
751:3529:3529:3
751:3529:3529:3
753:3529:3529:3
753:3529:3529:3
751:3529:3529:3
751:3529:3529:3
749:3529:3529:3
752:3529:3529:3
768:650:650:3
752:3529:3529:3
752:3529:3529:3
770:650:650:3
749:3529:3529:3
760:650:650:3
773:3351:3351:3
749:3529:3529:3
751:3529:3529:3
752:3529:3529:3
752:3529:3529:3
750:3529:3529:3
775:3326:3326:3
777:3326:3326:3
749:3529:3529:3
771:3351:3351:3
750:3529:3529:3
771:3351:3351:3
753:3529:3529:3
753:3529:3529:3
750:3529:3529:3
775:3326:3326:3
752:3529:3529:3
750:3529:3529:3
751:3529:3529:3
749:3529:3529:3
749:3529:3529:3
750:3529:3529:3
765:650:650:3
777 773 715 709 741 707 742 748 747 776 771 708 774 712 714:11407:1976 1991 -3 2 112 8 99 630 622 1976 1991 8 1991 -1 -3:3
755 760 725 768 726 722 753 765 758 730 729 738 761 763 754 762 756 764 770:8379:826 370 2 370 2 2 2098 370 826 2 2 2 370 370 826 370 826 370 370:3
770:370:370:3
765:370:370:3
709 777 775 771 773 774 776:11903:2 1976 1976 1991 1991 1991 1976:3
709 715 776 777 773 712 778 771:9912:2 -3 1976 1976 1991 -1 1976 1991:3
756 738 753 766 764 768:4038:826 2 2098 370 370 370:3
771 709 776 778 774 773:9927:1991 2 1976 1976 1991 1991:3
762 770:741:370 370:3
715 716 729 749 726 707 753 755 762 732 738 758 764 708 754 765 768 760 763 711 770 766 714 725 730 756:10482:-3 -3 2 2098 2 8 2098 826 370 5 2 826 370 8 826 370 370 370 370 8 348 370 -3 2 2 826:3
774 772 776 709:5960:1991 1991 1976 2:3
708 729 711 725 766:392:8 2 8 2 370:3
771 742 745:2200:1991 99 111:3
770 758 760:1567:370 826 370:3
775 774 777 772 778:9910:1976 1991 1976 1991 1976:3
756 758 754 750 715 753 757 712 759 762 760 763 764 761 770 766 769:10833:826 826 826 2098 -3 2098 826 -1 370 370 370 370 370 370 370 370 370:3
765 761 770 754 760 758 763 762:3874:370 370 370 826 370 826 370 370:3
758 712 753 715 762 749 767 756 764 761 765 750 759 763 760 769 766:11650:826 -1 2098 -3 370 2098 370 826 370 370 370 2098 370 370 370 370 370:3
775 772 773 709 776 777 771 774 778:15870:1976 1991 1991 2 1976 1976 1991 1991 1976:3
753 762 749 760 755 712 757 752 765 767 759 763 768 761 764 766 770:12021:2098 370 2098 370 826 -1 826 2098 370 370 370 370 370 370 370 370 370:3
762 760 770 758 765 761 763:3049:370 370 370 826 370 370 370:3
715 753 749 762 760 751 763 769 764 755 750 767 766 757 765 770 768:13748:-3 2098 2098 370 370 2098 370 370 370 826 2098 370 370 826 370 370 370:3
712 758 715 763 751 761 762 767 749 764 759 768 750 770 760 752 766 765 769:13663:-1 826 -3 370 2098 370 370 370 2098 370 370 370 2098 370 370 2098 370 370 370:3
712 775 715 709 771 778 777 773 776 772 774:15870:-1 1976 -3 2 1991 1976 1976 1991 1976 1991 1991:3
753 711 716 715 732 707 762 725 755 729 768 765 754 708 770 758 712 714 761 763:6832:2098 8 -3 -3 5 8 370 2 826 2 370 370 826 8 370 826 -1 -3 370 370:3
761 763 765 762 760 754 758 770:3874:370 370 370 370 370 826 826 370:3
709 771 777 712 715 772 775 773 774 778:13894:2 1991 1976 -1 -3 1991 1976 1991 1991 1976:3
749 768 755 766 757 752 754 756 758 763 759 764 765 761 767:11289:2098 370 826 370 826 2098 826 826 826 370 370 370 370 370 370:3
765:370:370:3
730 726 707 722 712 753:2113:2 2 8 2 -1 2098:3
754 763 765:1567:826 370 370:3
753 751 750 754 755 756 761 757 764 759 752 766 763 769:13918:2098 2098 2098 826 826 826 370 826 370 370 2098 370 370 370:3
760 730 764 755 749 726 722 732 765 761 770 754 766 756 738 758 768 762:8379:370 2 370 826 2098 2 2 5 370 370 370 826 370 826 2 826 370 370:3
754 760 758 762 770:2763:826 370 826 370 370:3
763 765 761:1111:370 370 370:3
763:370:370:3
715 707 768 708 762 711 729 732 716 712 754 753 765 725 763 758 738 714 764 755 760 766 770 761:7946:-3 8 370 8 370 8 2 5 -3 -1 826 2098 370 2 370 826 2 -3 370 826 370 370 370 370:3
773 775 709 778:5945:1991 1976 2 1976:3
772 712 777 715:3967:1991 -1 1976 -3:3
772 741 776 709 743 747 748 771:7423:1991 112 1976 2 98 622 630 1991:3
752:3529:3529:3
751:3529:3529:3
765:650:650:3
768:650:650:3
777:3326:3326:3
751:3529:3529:3
749:3529:3529:3
751:3529:3529:3
753:3529:3529:3
777:3326:3326:3
772:3351:3351:3
778:3326:3326:3
749:3529:3529:3
753:3529:3529:3
752:3529:3529:3
751:3529:3529:3
749:3529:3529:3
771:3351:3351:3
751:3529:3529:3
752:3529:3529:3
749:3529:3529:3
751:3529:3529:3
762:650:650:3
752:3529:3529:3
749:3529:3529:3
749:3529:3529:3
749:3529:3529:3
751:3529:3529:3
775:3326:3326:3
751:3529:3529:3
749:3529:3529:3
750:3529:3529:3
750:3529:3529:3
762:650:650:3
761:650:650:3
752:3529:3529:3
749:3529:3529:3
775:3326:3326:3
750:3529:3529:3
770:650:650:3
753:3529:3529:3
753:3529:3529:3
771:3351:3351:3
749:3529:3529:3
753:3529:3529:3
750:3529:3529:3
752:3529:3529:3
751:3529:3529:3
750:3529:3529:3
752:3529:3529:3
749:3529:3529:3
777:3326:3326:3
752:3529:3529:3
771:3351:3351:3
777:3326:3326:3
753:3529:3529:3
753:3529:3529:3
749:3529:3529:3
751:3529:3529:3
749:3529:3529:3
776:3326:3326:3
753:3529:3529:3
751:3529:3529:3
751:3529:3529:3
750:3529:3529:3
749:3529:3529:3
750:3529:3529:3
753:3529:3529:3
749:3529:3529:3
751:3529:3529:3
770:650:650:3
753:3529:3529:3
773:3351:3351:3
753:3529:3529:3
749:3529:3529:3
749:3529:3529:3
752:3529:3529:3
751:3529:3529:3
771:3351:3351:3
771:3351:3351:3
771:3351:3351:3
776:3326:3326:3
749:3529:3529:3
776:3326:3326:3
751:3529:3529:3
763:650:650:3
776:3326:3326:3
752:3529:3529:3
751:3529:3529:3
750:3529:3529:3
751:3529:3529:3
753:3529:3529:3
778:3326:3326:3
772:3351:3351:3
766:650:650:3
753:3529:3529:3
752:3529:3529:3
752:3529:3529:3
752:3529:3529:3
753:3529:3529:3
774:3351:3351:3
778:3326:3326:3
750:3529:3529:3
749:3529:3529:3
751:3529:3529:3
766:650:650:3
759:650:650:3
749:3529:3529:3
752:3529:3529:3
749:3529:3529:3
750:3529:3529:3
749:3529:3529:3
752:3529:3529:3
763:650:650:3
753:3529:3529:3
749:3529:3529:3
752:3529:3529:3
752:3529:3529:3
750:3529:3529:3
753:3529:3529:3
752:3529:3529:3
773:3351:3351:3
750:3529:3529:3
751:3529:3529:3
753:3529:3529:3
753:3529:3529:3
772:3351:3351:3
771:3351:3351:3
752:3529:3529:3
751:3529:3529:3
771:3351:3351:3
753:3529:3529:3
750:3529:3529:3
750:3529:3529:3
753:3529:3529:3
776:3326:3326:3
749:3529:3529:3
751:3529:3529:3
752:3529:3529:3
753:3529:3529:3
772:3351:3351:3
752:3529:3529:3
751:3529:3529:3
753:3529:3529:3
764:650:650:3
751:3529:3529:3
750:3529:3529:3
768:650:650:3
770:650:650:3
760:650:650:3
753:3529:3529:3
776:3326:3326:3
752:3529:3529:3
753:3529:3529:3
749:3529:3529:3
771:3351:3351:3
763:650:650:3
753:3529:3529:3
751:3529:3529:3
753:3529:3529:3
773:3351:3351:3
763:650:650:3
749:3529:3529:3
750:3529:3529:3
750:3529:3529:3
766:650:650:3
777:3326:3326:3
749:3529:3529:3
749:3529:3529:3
766:650:650:3
771:3351:3351:3
749:3529:3529:3
749:3529:3529:3
766:650:650:3
751:3529:3529:3
753:3529:3529:3
753:3529:3529:3
753:3529:3529:3
767:650:650:3
753:3529:3529:3
769:650:650:3
753:3529:3529:3
749:3529:3529:3
751:3529:3529:3
752:3529:3529:3
769:650:650:3
776:3326:3326:3
777:3326:3326:3